0.160889
0.072033
0.075374
0.072000
0.078350
0.075249
0.071717
0.071485
0.073989
0.071662
0.073763
0.075375
0.071325
0.072090
0.075031
0.070960
0.073009
0.077608
0.075687
0.074297
0.072058
0.075522
0.070851
0.072484
0.074835
0.072812
0.072955
0.074866
0.074961
0.073590
0.093288
0.081668
0.071599
0.076556
0.072583
0.077928
0.073343
0.073838
0.069988
0.072300
0.070282
0.070587
0.071423
0.072514
0.079154
0.071239
0.070470
0.070266
0.070236
0.072979
0.070041
0.070635
0.069972
0.070199
0.079717
0.070492
0.071688
0.075477
0.072953
0.092389
0.071215
0.069175
0.081497
0.069112
0.069463
0.069736
0.070494
0.070377
0.070709
0.070785
0.072162
0.077090
0.071306
0.077557
0.070023
0.070489
0.075114
0.072420
0.070043
0.071948
0.071455
0.069332
0.074635
0.073402
0.072489
0.073130
0.075010
0.069826
0.067639
0.070930
0.073381
0.071681
0.070921
0.070630
0.080105
0.070374
0.071382
0.072454
0.076186
0.070888
0.071136
0.069712
0.069603
0.070602
0.069746
0.069263
0.069186
0.072180
0.070736
0.069258
0.069913
0.067477
0.073453
0.068247
0.072021
0.069207
0.069516
0.069916
0.069392
0.069873
0.070916
0.071997
0.071127
0.081244
0.071863
0.071861
0.086293
0.073117
0.069768
0.068764
0.070184
0.070918
0.069663
0.069313
0.068183
0.074012
0.066966
0.070789
0.069809
0.074630
0.070256
0.069505
0.066782
0.069431
0.069757
0.070768
0.068107
0.070446
0.068937
0.069053
0.068932
0.071146
0.068494
0.070100
0.073711
0.072245
0.070127
0.069665
0.081068
0.072209
0.070595
0.072525
0.069899
0.070407
0.068561
0.069999
0.067400
0.070945
0.070740
0.069511
0.068640
0.069192
0.070251
0.071262
0.068074
0.069618
0.069186
0.069746
0.067204
0.070114
0.071062
0.075304
0.073687
0.071666
0.071194
0.072189
0.071870
0.085926
0.068315
0.069168
0.080683
0.070072
0.066348
0.069260
0.067811
0.076718
0.071129
0.069241
0.067395
0.067870
0.072878
0.069138
0.066890
0.070220
0.070282
0.071761
0.072569
0.068459
0.066568
0.075084
0.071608
0.068894
0.068896
0.070321
0.068471
0.068774
0.067360
0.070128
0.070504
0.071930
0.068378
0.068426
0.085825
0.074204
0.068840
0.069142
0.069503
0.070915
0.072284
0.068748
0.068906
0.069131
0.068991
0.069844
0.068158
0.070484
0.069456
0.077608
0.069739
0.070127
0.067895
0.069074
0.069605
0.070191
0.066793
0.070060
0.068067
0.070031
0.069217
0.071988
0.070761
0.090296
0.071672
0.069267
0.078201
0.070354
0.069745
0.068810
0.068476
0.070388
0.066539
0.067670
0.068358
0.069521
0.067229
0.074083
0.069061
0.067786
0.068400
0.069428
0.069933
0.075447
0.067617
0.068444
0.066659
0.068018
0.068850
0.068754
0.066784
0.073929
0.068159
0.068653
0.069526
0.069211
0.075150
0.070378
0.078378
0.070388
0.068047
0.070251
0.067570
0.071065
0.069780
0.074962
0.069850
0.068764
0.069280
0.068720
0.066045
0.067305
0.069271
0.068534
0.066446
0.068212
0.066708
0.067361
0.067109
0.072036
0.070678
0.070805
0.068794
0.070176
0.068541
0.070092
0.074919
0.080828
0.068817
0.068517
0.081077
0.074914
0.068248
0.073283
0.069617
0.068109
0.068823
0.068596
0.070131
0.067815
0.069011
0.067214
0.070178
0.070227
0.068854
0.068131
0.068455
0.071163
0.067900
0.069684
0.073975
0.066188
0.067380
0.068320
0.070327
0.068039
0.066314
0.068250
0.075357
0.068762
0.068657
0.074600
0.079062
0.067205
0.074400
0.066715
0.066604
0.068678
0.067936
0.067910
0.066036
0.067172
0.065304
0.071472
0.069273
0.068979
0.070366
0.066685
0.067139
0.067990
0.066174
0.067048
0.068458
0.069109
0.066379
0.068104
0.066026
0.068637
0.104115
0.069897
0.069057
0.081584
0.068314
0.067310
0.076316
0.067096
0.066766
0.067665
0.066971
0.068058
0.068380
0.068721
0.066299
0.068236
0.068580
0.069319
0.068276
0.068244
0.067685
0.068134
0.067182
0.070548
0.068324
0.069781
0.067559
0.068274
0.071832
0.073188
0.070252
0.066339
0.068461
0.067350
0.068706
0.069878
0.067476
0.069567
0.079172
0.067759
0.067055
0.068291
0.069180
0.068739
0.072040
0.068793
0.069792
0.067188
0.068657
0.069163
0.067854
0.067383
0.069726
0.067481
0.067223
0.067029
0.066943
0.068080
0.072290
0.067632
0.067695
0.067913
0.066712
0.066814
0.067520
0.067904
0.070376
0.082771
0.068087
0.069269
0.077193
0.066791
0.072244
0.069775
0.066330
0.068060
0.066598
0.067306
0.067051
0.069052
0.066217
0.068055
0.066383
0.067659
0.070300
0.069325
0.069138
0.071448
0.067375
0.069280
0.067903
0.068552
0.068000
0.069273
0.068897
0.068922
0.068451
0.069606
0.074019
0.074274
0.070634
0.070286
0.077660
0.067938
0.068373
0.066582
0.069110
0.066488
0.068027
0.066898
0.069954
0.068621
0.066194
0.068922
0.067608
0.072565
0.068370
0.066177
0.066255
0.066874
0.067615
0.067545
0.066182
0.068089
0.067380
0.067637
0.067103
0.067306
0.066999
0.068809
0.070848
0.079090
0.067155
0.067019
0.078262
0.067137
0.065783
0.068916
0.065670
0.067219
0.066387
0.066800
0.066620
0.068935
0.075841
0.066159
0.065597
0.066423
0.065981
0.066069
0.065891
0.068454
0.067932
0.066624
0.065940
0.067249
0.066393
0.066465
0.073769
0.067197
0.066221
0.067410
0.068538
0.068066
0.070231
0.068103
0.078493
0.067909
0.066592
0.069094
0.065705
0.066903
0.069424
0.070866
0.068684
0.069618
0.065591
0.066884
0.065961
0.067065
0.068277
0.068724
0.067420
0.066992
0.066073
0.066526
0.066304
0.072836
0.067739
0.067991
0.065774
0.066494
0.068294
0.069068
0.067086
0.080507
0.072856
0.066589
0.078988
0.067503
0.066257
0.073765
0.066483
0.067740
0.066743
0.066378
0.066198
0.066336
0.066536
0.068732
0.064879
0.066261
0.068439
0.067379
0.067744
0.067616
0.075503
0.065500
0.066878
0.066549
0.066506
0.066808
0.065798
0.065869
0.066955
0.068701
0.067680
0.066286
0.067436
0.066325
0.084122
0.067330
0.066731
0.065538
0.065867
0.065990
0.067336
0.067413
0.068295
0.067732
0.066311
0.067258
0.067326
0.067626
0.071041
0.071034
0.066907
0.068424
0.066745
0.068748
0.066525
0.067774
0.067558
0.067486
0.068178
0.066440
0.069168
0.068427
0.066525
0.089225
0.068252
0.080249
0.067820
0.067383
0.068328
0.067134
0.066201
0.068235
0.066845
0.067752
0.067294
0.066977
0.065972
0.075415
0.068040
0.067737
0.067007
0.065985
0.069558
0.066425
0.066131
0.066827
0.066672
0.065830
0.065964
0.066651
0.068565
0.066194
0.068310
0.068479
0.067651
0.066048
0.066526
0.079187
0.068493
0.065788
0.067046
0.066138
0.067427
0.067155
0.067547
0.067130
0.073172
0.073531
0.064761
0.065792
0.066152
0.069273
0.067343
0.066900
0.066001
0.068131
0.067591
0.066158
0.067632
0.068932
0.068521
0.068457
0.067393
0.067437
0.065260
0.070533
0.069084
0.080867
0.067955
0.080184
0.068911
0.067963
0.065875
0.066675
0.071921
0.070931
0.068147
0.067786
0.066549
0.067191
0.065327
0.068920
0.066056
0.068204
0.069040
0.066336
0.065988
0.068500
0.066522
0.071775
0.067475
0.066268
0.066748
0.066506
0.068179
0.066201
0.067113
0.068711
0.067555
0.068250
0.068027
0.078086
0.068215
0.067499
0.069188
0.069622
0.065028
0.067474
0.067543
0.067685
0.067163
0.066812
0.066639
0.068303
0.071234
0.068450
0.064943
0.065957
0.071491
0.066413
0.065212
0.066302
0.067595
0.065379
0.067075
0.067225
0.064922
0.065394
0.066773
0.068922
0.066905
0.078758
0.069826
0.079270
0.067504
0.067428
0.067915
0.068431
0.068124
0.066653
0.066255
0.066754
0.064824
0.068228
0.066455
0.068042
0.066373
0.073118
0.065973
0.067846
0.066801
0.067470
0.067119
0.069227
0.065451
0.067530
0.068070
0.067778
0.065910
0.068882
0.067307
0.074092
0.069958
0.069517
0.065475
0.080321
0.073428
0.069012
0.065765
0.068240
0.068518
0.067972
0.066406
0.067225
0.069455
0.074529
0.069160
0.069525
0.066253
0.067410
0.067203
0.068265
0.067094
0.065666
0.067888
0.066259
0.067753
0.066751
0.067346
0.067575
0.071821
0.067420
0.069638
0.069753
0.070550
0.083728
0.074489
0.077270
0.067702
0.066879
0.065742
0.066992
0.066239
0.070543
0.071480
0.069003
0.065497
0.065413
0.068730
0.067772
0.065890
0.068317
0.067840
0.068209
0.069186
0.068780
0.068990
0.073284
0.073651
0.068440
0.067524
0.069179
0.067373
0.068826
0.065881
0.073075
0.069712
0.069711
0.069334
0.080664
0.067825
0.073622
0.070307
0.067589
0.065970
0.067847
0.069841
0.067928
0.065632
0.068334
0.065797
0.068988
0.068520
0.066941
0.066420
0.068281
0.072362
0.074859
0.067445
0.066767
0.067431
0.067015
0.067251
0.066551
0.066182
0.067438
0.067961
0.069386
0.067715
0.081996
0.072276
0.078019
0.066788
0.066350
0.068458
0.068876
0.065950
0.066859
0.066443
0.067065
0.068186
0.067339
0.073482
0.068630
0.067515
0.069628
0.066071
0.066485
0.066748
0.067494
0.067248
0.068681
0.065665
0.069197
0.069607
0.068392
0.065910
0.068361
0.067207
0.076016
0.070014
0.067852
0.067917
0.085583
0.068012
0.068672
0.067788
0.069248
0.067818
0.068111
0.069274
0.069006
0.067529
0.072744
0.069366
0.067729
0.066427
0.069594
0.068592
0.069263
0.067018
0.067681
0.067902
0.066679
0.067316
0.066432
0.066544
0.073968
0.071253
0.066820
0.065640
0.071339
0.068534
0.077957
0.069346
0.081732
0.073119
0.068741
0.068450
0.068661
0.066734
0.073132
0.068523
0.067812
0.066573
0.069748
0.069348
0.069124
0.066492
0.067081
0.067016
0.066797
0.068970
0.067187
0.064640
0.075691
0.068833
0.067554
0.067089
0.066147
0.065819
0.068867
0.068829
0.068271
0.067841
0.068445
0.069209
0.081664
0.067014
0.072774
0.070676
0.068070
0.068473
0.066935
0.067606
0.066776
0.067220
0.069693
0.067484
0.068694
0.069131
0.068305
0.066140
0.067307
0.074361
0.075681
0.065566
0.067225
0.065893
0.067686
0.066210
0.066264
0.066407
0.067531
0.066820
0.076741
0.066543
0.081914
0.071833
0.078250
0.065993
0.066349
0.066018
0.066744
0.066293
0.066590
0.065847
0.065699
0.064561
0.065806
0.065952
0.066233
0.069424
0.068651
0.068650
0.066281
0.065275
0.067902
0.066792
0.066273
0.066297
0.066422
0.067196
0.066509
0.065481
0.066548
0.068500
0.067274
0.069052
0.067488
0.066600
0.079163
0.067227
0.066772
0.066102
0.065894
0.065558
0.064856
0.066895
0.065920
0.066275
0.070025
0.072867
0.066049
0.065197
0.069484
0.067003
0.066898
0.064966
0.067361
0.067900
0.068039
0.070053
0.070141
0.067706
0.072081
0.070167
0.068393
0.070221
0.068231
0.068390
0.081836
0.070471
0.082453
0.066773
0.067672
0.067070
0.066047
0.068093
0.067583
0.071801
0.070498
0.065780
0.067516
0.068302
0.065912
0.066533
0.068560
0.067765
0.068171
0.068058
0.067237
0.067571
0.067070
0.071298
0.069364
0.066682
0.065216
0.065793
0.066035
0.067120
0.067951
0.068798
0.067014
0.068420
0.080585
0.069382
0.067293
0.066266
0.072588
0.066205
0.065297
0.064357
0.067032
0.065536
0.068402
0.073727
0.067291
0.066244
0.066123
0.065808
0.066747
0.066102
0.069118
0.066484
0.065685
0.066772
0.065952
0.066104
0.066410
0.066708
0.066798
0.069526
0.067692
0.069368
0.081193
0.068711
0.083581
0.072064
0.068508
0.067665
0.066658
0.067332
0.066913
0.067302
0.066142
0.066562
0.065959
0.067161
0.067662
0.067059
0.067926
0.071998
0.067158
0.067705
0.067377
0.066592
0.066692
0.067892
0.066933
0.065710
0.066976
0.067371
0.065651
0.069233
0.067094
0.073431
0.069074
0.067722
0.079307
0.065856
0.066958
0.066996
0.066996
0.067440
0.068091
0.065303
0.066157
0.065142
0.068893
0.066903
0.072446
0.066312
0.067694
0.065647
0.065413
0.065586
0.066240
0.067247
0.066360
0.066302
0.065719
0.066289
0.066640
0.065908
0.066620
0.074829
0.068812
0.067817
0.077638
0.067151
0.075748
0.065809
0.066090
0.066585
0.066657
0.066078
0.066213
0.067115
0.066115
0.072220
0.067630
0.066582
0.066613
0.066972
0.067490
0.068063
0.067711
0.066641
0.067188
0.068124
0.067012
0.066442
0.067173
0.072925
0.069250
0.066476
0.067362
0.067971
0.067012
0.069129
0.067452
0.068240
0.077388
0.065805
0.067773
0.067429
0.066885
0.068213
0.071443
0.066433
0.066346
0.065799
0.066006
0.066876
0.066574
0.066065
0.067259
0.065500
0.066028
0.066640
0.066135
0.066248
0.070283
0.068494
0.066767
0.066716
0.067192
0.065896
0.066350
0.068812
0.067263
0.068367
0.079737
0.068460
0.078247
0.067322
0.065421
0.071598
0.066675
0.066317
0.065322
0.066796
0.066111
0.065493
0.066247
0.066088
0.066472
0.065903
0.066807
0.065112
0.066234
0.069746
0.069077
0.065716
0.067999
0.069010
0.067068
0.066563
0.068064
0.065520
0.065873
0.066843
0.068813
0.067800
0.067370
0.067990
0.084347
0.067125
0.067129
0.066282
0.066210
0.066437
0.066862
0.066161
0.065642
0.066068
0.068021
0.064845
0.066294
0.066175
0.071957
0.070752
0.066613
0.066520
0.065384
0.066897
0.067115
0.065893
0.065974
0.067269
0.067189
0.065225
0.067990
0.068035
0.066156
0.073649
0.076544
0.066368
0.077500
0.066897
0.066550
0.066504
0.065917
0.067061
0.066941
0.065877
0.066062
0.064847
0.067542
0.067448
0.069131
0.065458
0.067087
0.065212
0.066401
0.066050
0.065375
0.064961
0.067140
0.067773
0.066115
0.065184
0.065903
0.064553
0.070746
0.070546
0.066653
0.065704
0.069234
0.067603
0.077847
0.067222
0.067943
0.066686
0.067225
0.066240
0.065772
0.066340
0.070238
0.068018
0.069011
0.069443
0.067066
0.066472
0.067372
0.066732
0.069053
0.065887
0.068318
0.066210
0.067795
0.066579
0.067645
0.071435
0.067266
0.068538
0.064714
0.065518
0.064211
0.068593
0.078608
0.068367
0.079745
0.065499
0.065760
0.066992
0.068707
0.069902
0.067338
0.066133
0.067310
0.065645
0.065044
0.065914
0.066352
0.064993
0.067570
0.064506
0.066019
0.065284
0.066785
0.066723
0.071163
0.068953
0.066373
0.066024
0.065626
0.065166
0.066544
0.067766
0.067654
0.067451
0.065499
0.065958
0.078068
0.067178
0.070530
0.066767
0.066358
0.066521
0.064928
0.064915
0.066165
0.065761
0.068100
0.066498
0.066357
0.067581
0.068957
0.067357
0.065727
0.069740
0.068373
0.065929
0.066931
0.066149
0.066376
0.066475
0.066359
0.066668
0.064932
0.068348
0.067959
0.069948
0.077168
0.067055
0.083403
0.067059
0.068983
0.065899
0.067372
0.067140
0.067624
0.065970
0.066652
0.066714
0.067835
0.066460
0.067999
0.066873
0.071772
0.066941
0.067726
0.067895
0.067041
0.065807
0.067720
0.068933
0.064814
0.066412
0.066367
0.065099
0.067796
0.066753
0.066322
0.071443
0.068067
0.067737
0.078258
0.065940
0.067382
0.066630
0.067373
0.066308
0.065580
0.065630
0.067001
0.064537
0.066302
0.069479
0.069430
0.064977
0.066116
0.065344
0.066317
0.064507
0.068347
0.066419
0.065576
0.065211
0.068544
0.066150
0.066498
0.064584
0.073458
0.068237
0.067615
0.070146
0.084394
0.068935
0.078574
0.065791
0.066604
0.066296
0.067530
0.068060
0.065485
0.066439
0.074162
0.073072
0.065380
0.065838
0.067675
0.066653
0.069019
0.067083
0.065323
0.065127
0.066649
0.067014
0.065895
0.067609
0.070982
0.068644
0.068972
0.064829
0.067651
0.066785
0.067250
0.066943
0.065366
0.067373
0.078585
0.067274
0.065417
0.066253
0.068726
0.071398
0.066364
0.066056
0.065480
0.064799
0.067528
0.067782
0.065619
0.065006
0.068798
0.065761
0.066204
0.064908
0.067748
0.066664
0.072061
0.065863
0.065529
0.065768
0.067341
0.066436
0.069988
0.066413
0.066623
0.069592
0.077543
0.066123
0.077099
0.065727
0.073606
0.069315
0.066711
0.067156
0.065737
0.067197
0.066507
0.065388
0.067319
0.067317
0.075229
0.066178
0.068411
0.066025
0.069516
0.069147
0.066506
0.065900
0.067294
0.067493
0.068040
0.066414
0.067430
0.065480
0.068542
0.066162
0.066821
0.070113
0.067638
0.074049
0.077320
0.067438
0.067355
0.066809
0.066642
0.066240
0.065224
0.066282
0.067204
0.065992
0.066834
0.065763
0.066537
0.067275
0.068171
0.066308
0.066357
0.066616
0.065366
0.066083
0.066677
0.066490
0.066742
0.066459
0.065428
0.067211
0.069277
0.066574
0.070431
0.069091
0.080644
0.066826
0.077711
0.066790
0.065784
0.065702
0.066654
0.067131
0.065616
0.065081
0.066978
0.065955
0.068654
0.067595
0.066293
0.066656
0.068664
0.066805
0.067097
0.066517
0.067689
0.066571
0.066844
0.068314
0.069072
0.066284
0.066481
0.071738
0.068242
0.067206
0.068482
0.067686
0.067400
0.067463
0.079280
0.066576
0.067762
0.066140
0.068344
0.067292
0.067956
0.067392
0.068365
0.065811
0.066881
0.066667
0.066620
0.066442
0.067699
0.066183
0.065246
0.065758
0.066420
0.066752
0.067011
0.065130
0.070741
0.067441
0.065806
0.066531
0.069226
0.067527
0.067786
0.069281
0.077223
0.068251
0.079364
0.065542
0.068533
0.067224
0.072311
0.067349
0.066938
0.066492
0.065986
0.066639
0.066690
0.065941
0.067655
0.066821
0.067876
0.065427
0.067280
0.066606
0.065955
0.071473
0.067129
0.068249
0.065772
0.066197
0.067336
0.065951
0.069332
0.066620
0.067954
0.068597
0.069097
0.067135
0.078520
0.072714
0.067197
0.066957
0.066486
0.067255
0.066945
0.067200
0.068527
0.065957
0.067015
0.068585
0.066797
0.065658
0.066990
0.066777
0.071769
0.066624
0.067953
0.068312
0.067517
0.066471
0.067844
0.066973
0.067683
0.066985
0.069277
0.066385
0.066563
0.068980
0.083233
0.070003
0.088206
0.067566
0.065423
0.067119
0.067242
0.066346
0.065895
0.066875
0.066281
0.065547
0.066623
0.066221
0.067702
0.068654
0.067945
0.066275
0.065033
0.066775
0.067260
0.066827
0.066658
0.068655
0.067893
0.066481
0.066923
0.065658
0.069300
0.071825
0.073065
0.067368
0.065808
0.067142
0.076391
0.066415
0.065994
0.066338
0.067577
0.066480
0.067186
0.066997
0.065868
0.066644
0.072559
0.066011
0.068121
0.066706
0.068576
0.066991
0.067265
0.066722
0.067405
0.067122
0.066795
0.067015
0.066884
0.066847
0.072059
0.068944
0.069999
0.071738
0.065894
0.070184
0.078916
0.077451
0.066133
0.066481
0.066655
0.066342
0.065725
0.066634
0.072014
0.065814
0.067085
0.066194
0.067963
0.066138
0.068159
0.068159
0.064836
0.069058
0.066360
0.065641
0.066787
0.068588
0.068060
0.071781
0.067737
0.067041
0.067582
0.067444
0.069644
0.067051
0.066308
0.066624
0.066622
0.076540
0.067142
0.066265
0.067103
0.070641
0.067197
0.065937
0.065396
0.066667
0.067397
0.066017
0.072929
0.068380
0.066111
0.066170
0.065726
0.066203
0.066098
0.067718
0.072624
0.068444
0.065129
0.065991
0.068564
0.066655
0.066985
0.066924
0.070185
0.067067
0.067909
0.067869
0.078031
0.078549
0.078664
0.067027
0.066192
0.068509
0.067321
0.066748
0.067985
0.066130
0.065935
0.065983
0.067541
0.066084
0.067152
0.068867
0.074079
0.066308
0.066543
0.065810
0.068308
0.066921
0.067009
0.069149
0.067519
0.066144
0.068996
0.066888
0.067855
0.067265
0.069995
0.067172
0.067856
0.077375
0.066845
0.066380
0.067357
0.065190
0.066194
0.066572
0.066124
0.065292
0.066632
0.065341
0.066949
0.070988
0.065448
0.066409
0.067445
0.065088
0.066222
0.065666
0.066704
0.066581
0.066799
0.065432
0.065705
0.065651
0.066259
0.065255
0.071534
0.065482
0.069409
0.067415
0.076455
0.076715
0.069059
0.069878
0.067111
0.067531
0.067769
0.065855
0.067187
0.067524
0.072177
0.065170
0.066550
0.067310
0.067778
0.066977
0.067412
0.066538
0.067229
0.067862
0.067032
